31
34
106
113
134
139
175
224
257
266
267
282
286
287
389
410
433
474
483
504
509
533
541
561
615
616
633
638
649
650
653
657
671
673
674
693
753
754
755
756
768
773
774
775
776
793
794
795
796
813
814
815
816
817
832
837
844
846
857
875
893
899
903
916
939
953
954
956
989
1005
1012
1026
1027
1045
1046
1048
1057
1080
1100
1159
1180
1187
1189
1190
1202
1204
1207
1214
1224
1237
1283
1329
1341
1353
1354
1369
1388
1401
1405
1407
1409
1434
1440
1448
1486
1567
1574
1575
1588
1597
1599
1612
1654
1668
1679
1705
1753
1762
1765
1766
1773
1807
1856
1866
1877
1878
2032
2073
2077
2092
2093
2097
2104
2111
2168
2175
2176
2177
2195
2196
2197
2214
2215
2216
2217
2305
2392
2414
2415
2417
2569
2589
2590
2737
2822
2834
2929
2953
2954
2955
2961
2969
2973
2974
2975
2976
2993
2994
2995
3005
3070
3071
3146
3186
3217
3263
3299
3337
3354
3355
3356
3362
3436
3494
3495
3498
3584
3668
3670
3678
3679
3690
3718
3725
3738
3739
3757
3769
3777
3822
4006
4018
4019
4177
4223
4331
4350
4357
4405
4469
4495
4677
4678
4742
4743
4744
4762
4763
4764
4768
4782
4783
4784
