0 in MB,  0 in HT1,  496 in both
Runs in min bias
Runs in HT1
Runs in both
16127052
16127053
16127054
16127055
16128001
16128002
16128003
16128014
16128015
16128016
16128020
16128021
16128022
16128031
16128032
16128034
16128035
16128036
16128037
16128038
16128039
16128040
16128041
16128042
16128043
16128044
16128052
16128053
16128058
16128059
16128060
16128061
16128062
16128064
16128065
16129004
16129006
16129007
16129008
16129009
16129010
16129011
16129012
16129013
16129014
16129016
16129017
16129029
16129030
16129031
16129032
16129033
16129034
16129035
16129036
16129037
16129038
16129039
16129048
16129049
16129050
16129051
16130001
16130002
16130003
16130004
16130005
16130034
16130035
16130038
16130040
16130044
16130045
16130046
16130047
16130048
16130049
16130051
16130052
16130053
16131005
16131006
16131007
16131008
16131009
16131010
16131011
16131012
16131013
16131014
16131028
16131029
16131030
16131032
16131034
16131036
16131037
16131039
16131040
16131041
16131042
16131043
16131044
16131045
16131046
16131047
16131048
16131049
16131050
16132002
16132003
16132022
16132023
16132024
16132025
16132026
16132027
16132028
16132030
16132032
16132033
16132049
16132050
16132051
16132052
16132053
16132054
16133001
16133002
16133003
16133004
16133005
16133006
16133007
16133008
16133009
16133010
16133011
16133013
16133014
16133087
16133088
16133089
16133090
16133091
16133092
16133093
16134001
16134002
16134003
16134004
16134005
16134013
16134014
16134015
16134016
16134017
16134018
16134019
16134028
16134029
16134030
16134044
16134045
16134046
16134047
16134048
16134054
16134055
16135003
16135004
16135005
16135006
16135007
16135008
16135009
16135010
16135011
16135013
16135014
16135026
16135031
16135032
16135033
16135034
16135035
16135036
16135037
16135038
16135039
16135040
16135041
16135043
16135049
16136036
16136037
16136038
16136039
16136041
16136043
16136044
16136045
16136046
16136047
16136048
16136049
16136050
16136051
16136052
16136053
16137001
16137002
16137003
16137004
16137005
16137006
16137007
16137008
16137010
16137011
16137012
16137013
16137018
16137019
16137020
16137021
16137022
16137028
16137029
16137030
16137031
16137032
16137033
16137039
16137040
16137041
16137042
16137043
16137044
16137045
16137046
16137047
16137048
16137049
16137052
16138013
16138014
16138015
16138016
16138017
16138020
16138021
16138022
16138023
16138024
16138025
16138026
16138027
16138028
16138029
16138042
16138043
16138044
16138045
16138046
16138047
16138048
16138049
16138050
16138051
16138052
16138053
16138054
16138055
16139002
16139003
16139004
16139005
16139007
16139008
16139009
16139010
16139011
16139012
16139013
16139022
16139023
16139024
16139025
16139026
16139027
16139028
16139029
16139030
16139031
16139032
16139033
16139034
16139056
16139057
16140001
16140002
16140003
16140004
16140008
16140009
16140010
16140012
16140013
16140015
16140016
16141007
16141008
16141009
16141014
16141016
16141017
16141018
16141021
16141022
16141032
16141033
16141034
16141035
16141038
16141040
16141050
16142001
16142003
16142004
16142006
16142007
16142008
16142010
16142012
16142013
16142014
16142015
16142024
16142025
16142027
16142028
16142032
16142035
16142036
16142037
16142038
16142039
16142041
16142044
16142046
16142048
16142065
16142066
16142067
16142068
16142069
16142070
16142071
16142072
16142073
16142074
16142076
16142077
16142078
16142079
16142080
16143003
16143004
16143005
16143006
16143007
16143008
16143009
16143010
16143011
16143013
16143014
16143015
16143016
16143019
16143020
16143021
16143022
16143032
16143033
16143034
16143035
16143036
16143038
16143039
16143040
16143041
16143042
16143043
16143044
16143045
16143053
16143054
16143055
16143056
16143057
16143058
16143059
16144001
16144002
16144003
16144004
16144005
16144007
16144013
16144014
16144015
16144016
16144018
16144019
16144020
16144021
16144023
16144024
16144026
16144038
16144039
16144040
16144042
16144056
16144070
16144071
16144073
16144075
16144076
16145003
16145011
16145012
16145013
16145014
16145015
16145016
16145017
16145018
16145019
16145020
16145021
16145022
16145023
16145024
16145035
16145036
16145039
16145040
16145041
16145042
16145043
16145044
16145045
16145046
16145048
16145049
16145050
16145056
16145057
16145058
16145059
16145060
16145061
16146002
16146003
16146004
16146005
16146006
16146007
16146008
16146016
16146051
16146052
16146098
16146100
16146107
16146109
16146111
16146112
16146114
16146115
16146116
16146117
16146118
16146119
16146120
16147007
16147008
16147009
16147010
16147011
16147012
16147013
16147014
