This is to make a TH2D histogram for the EmcTowers
Binning: (120,40) in (phi,eta)
// eta binning edges:
 double eta_edges[41] = {
 -0.98800, -0.94600, -0.90000, -0.85000, -0.80000, -0.75000, -0.70000,
 -0.65000, -0.60000, -0.55000, -0.50000, -0.45000, -0.40000, -0.35000,
 -0.30000, -0.25000, -0.20000, -0.15000, -0.10000, -0.05085,  0.00005,
  0.05090,  0.10000,  0.15000,  0.20000,  0.25000,  0.30000,  0.35000,
  0.40000,  0.45000,  0.50000,  0.55000,  0.60000,  0.65000,  0.70000,
  0.75000,  0.80000,  0.85000,  0.90000,  0.94600,  0.98800};

// phi binning edges:
 double phi_edges[121] = {
 -3.14435, -3.08925, -3.03690, -2.98450, -2.93215, -2.87980, -2.82745,
 -2.77510, -2.72270, -2.67035, -2.61800, -2.56565, -2.51330, -2.46090,
 -2.40855, -2.35620, -2.30385, -2.25150, -2.19910, -2.14675, -2.09440,
 -2.04205, -1.98970, -1.93730, -1.88495, -1.83260, -1.78025, -1.72790,
 -1.67550, -1.62315, -1.57080, -1.51845, -1.46610, -1.41370, -1.36135,
 -1.30900, -1.25665, -1.20430, -1.15190, -1.09955, -1.04720, -0.99485,
 -0.94250, -0.89010, -0.83775, -0.78540, -0.73305, -0.68070, -0.62830,
 -0.57595, -0.52360, -0.47125, -0.41890, -0.36650, -0.31415, -0.26180,
 -0.20945, -0.15710, -0.10470, -0.05235,  0.00000,  0.05235,  0.10470,
  0.15710,  0.20945,  0.26180,  0.31415,  0.36650,  0.41890,  0.47125,
  0.52360,  0.57595,  0.62830,  0.68070,  0.73305,  0.78540,  0.83775,
  0.89010,  0.94250,  0.99485,  1.04720,  1.09955,  1.15190,  1.20430,
  1.25665,  1.30900,  1.36135,  1.41370,  1.46610,  1.51845,  1.57080,
  1.62315,  1.67550,  1.72790,  1.78025,  1.83260,  1.88495,  1.93730,
  1.98970,  2.04205,  2.09440,  2.14675,  2.19910,  2.25150,  2.30385,
  2.35620,  2.40855,  2.46090,  2.51330,  2.56565,  2.61800,  2.67035,
  2.72270,  2.77510,  2.82745,  2.87980,  2.93215,  2.98450,  3.03690,
  3.08925,  3.14435};


    TH2F* fHgram_BTowHit_phieta = new TH2F("BTowHit_phieta", 
    "NHits per tower;#eta;#phi", 40, eta_edges, 120, phi_edges);
